Year	UD(cm)
2016.001366	0
2016.004098	0.325
2016.00683	-0.832
2016.009562	-0.932
2016.012295	-1.543
2016.015027	-1.319
2016.017759	-1.19
2016.020491	-1.268
2016.023224	-0.427
2016.025956	-0.957
2016.028688	-1.566
2016.03142	-1.173
2016.034153	-0.911
2016.036885	-0.215
2016.039617	0.271
2016.042349	-1.203
2016.045081	-0.985
2016.047814	-0.464
2016.050546	-1.017
2016.053278	-0.806
2016.05601	-1.106
2016.058743	-1.682
2016.061475	-1.327
2016.064207	0.156
2016.066939	-0.645
2016.069672	-0.733
2016.072404	-1.458
2016.075136	-0.891
2016.077868	-0.943
2016.080601	-0.944
2016.083333	-1.633
2016.086065	-0.638
2016.088797	-0.258
2016.09153	-0.214
2016.094262	-0.576
2016.096994	-0.748
2016.099726	-0.867
2016.102459	-0.659
2016.105191	-0.468
2016.107923	-0.157
2016.110655	-0.345
2016.113388	-0.672
2016.11612	-1.015
2016.118852	-1.369
2016.121584	-0.951
2016.124316	-0.327
2016.127049	-0.985
2016.129781	-0.048
2016.132513	-0.869
2016.135245	-1.268
2016.137978	-0.798
2016.14071	-1.145
2016.143442	-2.041
2016.146174	-1.905
2016.148907	-1.371
2016.151639	-1.839
2016.154371	-1.556
2016.157103	-0.861
2016.159836	-1.347
2016.162568	-0.592
2016.1653	-0.947
2016.168032	-0.953
2016.170765	-0.988
2016.173497	-1.545
2016.176229	-1.676
2016.178961	-1.11
2016.181694	-1.761
2016.184426	-1.662
2016.187158	-2.061
2016.18989	-1.565
2016.192622	-1.024
2016.195355	-0.847
2016.198087	-1.225
2016.200819	-0.857
2016.203551	-0.739
2016.206284	0.391
2016.209016	-0.496
2016.21448	-0.541
2016.217213	-1.643
2016.219945	-1.729
2016.222677	-2.035
2016.225409	-1.99
2016.228142	-1.56
2016.230874	-0.965
2016.233606	-0.191
2016.236338	-0.157
2016.239071	-1.123
2016.241803	-0.168
2016.244535	-0.318
2016.247267	-0.946
2016.25	-1.415
2016.252732	-1.965
2016.255464	-1.102
2016.258196	-1.448
2016.260928	-1.47
2016.263661	-1.461
2016.266393	-1.606
2016.269125	-1.465
2016.271857	-2
2016.27459	-1.989
2016.277322	-1.827
2016.280054	-1.381
2016.282786	-1.802
2016.285519	-1.791
2016.288251	-1.869
2016.290983	-2.313
2016.293715	-1.738
2016.296448	-1.591
2016.29918	-2.26
2016.301912	-1.427
2016.304644	-0.753
2016.307377	-1.999
2016.310109	-2.497
2016.312841	-2.133
2016.315573	-2.76
2016.318306	-2.793
2016.321038	-2.061
2016.32377	-1.323
2016.326502	-1.689
2016.329235	-1.317
2016.331967	-2.031
2016.334699	-1.824
2016.337431	-2.143
2016.340163	-1.387
2016.342896	-2.426
2016.34836	-2.066
2016.351092	-1.629
2016.353825	-1.985
2016.356557	-1.379
2016.359289	-1.486
2016.362021	-2.731
2016.364754	-2.122
2016.367486	-1.761
2016.370218	-1.254
2016.37295	-1.742
2016.375683	-2.512
2016.378415	-2.915
2016.381147	-2.615
2016.383879	-1.79
2016.386612	-2.193
2016.389344	-1.838
2016.392076	-2.702
2016.394808	-1.679
2016.397541	-1.715
2016.400273	-1.919
2016.403005	-1.346
2016.405737	-2.244
2016.408469	-2.375
2016.411202	-1.232
2016.413934	-1.586
2016.416666	-2.512
2016.419398	-1.713
2016.422131	-2.853
2016.424863	-2.939
2016.427595	-2.192
2016.430327	-3.16
2016.43306	-3.875
2016.435792	-3.429
2016.438524	-2.534
2016.441256	-2.559
2016.443989	-3.379
2016.446721	-3.081
2016.449453	-2.574
2016.452185	-3.564
2016.454918	-4.039
2016.45765	-3.594
2016.460382	-2.473
2016.463114	-3.139
2016.465847	-1.584
2016.468579	-2.204
2016.471311	-2.274
2016.474043	-2.608
2016.476775	-3.186
2016.479508	-2.463
2016.48224	-2.288
2016.484972	-1.904
2016.487704	-4.235
2016.490437	-3.556
2016.493169	-2.606
2016.495901	-3.149
2016.504098	-4.437
2016.50683	-3.042
2016.509562	-4.533
2016.512295	-3.024
2016.515027	-3.755
2016.517759	-3.803
2016.520491	-2.984
2016.523224	-2.544
2016.525956	-3.261
2016.528688	-3.606
2016.53142	-3.308
2016.534153	-4.425
2016.536885	-2.995
2016.539617	-2.929
2016.542349	-3.158
2016.545081	-3.049
2016.547814	-3.04
2016.550546	-2.27
2016.553278	-3.61
2016.55601	-2.679
2016.558743	-4.194
2016.561475	-3.16
2016.564207	-3.538
2016.566939	-4.268
2016.569672	-3.455
2016.572404	-4.153
2016.575136	-4.733
2016.577868	-4.358
2016.580601	-3.068
2016.583333	-4.348
2016.586065	-5.082
2016.59153	-3.637
2016.594262	-3.533
2016.596994	-3.336
2016.599726	-3.479
2016.602459	-4.718
2016.605191	-4.195
2016.607923	-3.385
2016.610655	-3.306
2016.613388	-3.514
2016.61612	-4.309
2016.618852	-3.763
2016.621584	-4.469
2016.624316	-3.485
2016.627049	-3.318
2016.629781	-3.769
2016.632513	-4.919
2016.635245	-4.452
2016.637978	-4.411
2016.64071	-3.463
2016.643442	-3.761
2016.646174	-4.31
2016.648907	-5.005
2016.651639	-5.599
2016.654371	-6.061
2016.657103	-5.425
2016.659836	-4.154
2016.662568	-3.911
2016.6653	-3.185
2016.668032	-4.183
2016.670765	-4.725
2016.673497	-5.296
2016.676229	-4.808
2016.678961	-4.96
2016.681694	-5.504
2016.684426	-4.87
2016.687158	-5.349
2016.68989	-6.318
2016.692622	-5.32
2016.695355	-5.814
2016.698087	-5.771
2016.700819	-5.465
2016.703551	-5.464
2016.706284	-5.957
2016.709016	-4.777
2016.711748	-5.355
2016.71448	-5.687
2016.717213	-5.474
2016.719945	-5.573
2016.722677	-5.219
2016.725409	-5.308
2016.728142	-5.523
2016.730874	-4.692
2016.733606	-5.117
2016.736338	-5.152
2016.739071	-5.418
2016.741803	-5.3
2016.744535	-5.638
2016.747267	-5.636
2016.75	-6.084
2016.752732	-4.885
2016.755464	-4.65
2016.758196	-5.536
2016.760928	-5.722
2016.763661	-5.776
2016.766393	-5.781
2016.769125	-5.305
2016.771857	-5.118
2016.77459	-5.512
2016.777322	-6.027
2016.780054	-5.794
2016.782786	-5.756
2016.785519	-5.726
2016.788251	-5.584
2016.790983	-5.838
2016.793715	-5.671
2016.796448	-5.003
2016.79918	-5.585
2016.801912	-4.933
2016.804644	-5.326
2016.807377	-5.464
2016.810109	-5.036
2016.812841	-4.786
2016.815573	-4.86
2016.818306	-5.744
2016.821038	-5.127
2016.82377	-5.541
2016.826502	-5.213
2016.829235	-5.863
2016.831967	-6.393
2016.834699	-6.101
2016.837431	-5.785
2016.840163	-5.369
2016.842896	-4.521
2016.845628	-5.412
2016.84836	-6.353
2016.851092	-6.446
2016.853825	-5.851
2016.856557	-5.5
2016.859289	-5.946
2016.862021	-5.916
2016.864754	-5.454
2016.867486	-5.84
2016.870218	-6.221
2016.87295	-5.773
2016.875683	-5.865
2016.878415	-5.217
2016.881147	-5.571
2016.883879	-5.614
2016.886612	-5.859
2016.889344	-6.362
2016.892076	-6.229
2016.894808	-6.844
2016.897541	-5.875
2016.900273	-5.878
2016.903005	-7.154
2016.905737	-6.234
2016.908469	-6.602
2016.911202	-6.496
2016.913934	-6.411
2016.916666	-5.582
2016.919398	-5.97
2016.922131	-5.312
2016.924863	-5.863
2016.927595	-6.046
2016.930327	-5.398
2016.93306	-5.74
2016.935792	-5.563
2016.938524	-6.03
2016.941256	-6.472
2016.943989	-5.882
2016.946721	-6.101
2016.949453	-6.701
2016.952185	-5.877
2016.954918	-6.148
2016.95765	-5.099
2016.960382	-5.667
2016.963114	-6.163
2016.965847	-6.186
2016.968579	-6.243
2016.971311	-6.761
2016.974043	-5.93
2016.976775	-5.941
2016.979508	-7.808
2016.98224	-7.056
2016.984972	-7.132
2016.987704	-6.038
2016.990437	-6.214
2016.993169	-5.968
2016.995901	-5.732
2016.998633	-5.983
2017.001369	-6.636
2017.004109	-5.912
2017.006849	-5.792
2017.009589	-6.128
2017.012328	-5.918
2017.015068	-5.878
2017.017808	-5.799
2017.020547	-6.401
2017.023287	-5.914
2017.026027	-6.355
2017.028767	-7.564
2017.031506	-6.28
2017.034246	-7.071
2017.036986	-6.881
2017.039726	-6.851
2017.042465	-7.25
2017.045205	-7.43
2017.047945	-7.252
2017.050684	-7.039
2017.053424	-7.81
2017.056164	-7.489
2017.058904	-7.284
2017.061643	-7.235
2017.064383	-7.317
2017.067123	-6.558
2017.069863	-6.765
2017.072602	-6.156
2017.075342	-6.933
2017.078082	-7.392
2017.080821	-6.579
2017.083561	-6.789
2017.086301	-6.763
2017.089041	-6.471
2017.09178	-6.605
2017.09452	-6.784
2017.09726	-6.838
2017.1	-6.979
2017.102739	-7.021
2017.105479	-6.938
2017.108219	-6.378
2017.113698	-7.487
2017.116438	-6.735
2017.119178	-7.328
2017.121917	-6.774
2017.124657	-6.327
2017.127397	-7.643
2017.130137	-7.352
2017.132876	-6.646
2017.135616	-6.918
2017.138356	-7.51
2017.141095	-8.431
2017.143835	-7.609
2017.146575	-7.439
2017.149315	-7.639
2017.152054	-7.502
2017.154794	-7.914
2017.157534	-7.782
2017.160273	-7.525
2017.163013	-7.975
2017.165753	-6.453
2017.168493	-7.242
2017.171232	-7.77
2017.173972	-7.428
2017.176712	-7.19
2017.179452	-7.252
2017.182191	-6.289
2017.184931	-6.515
2017.187671	-7.218
2017.19041	-7.355
2017.19315	-8.071
2017.19589	-7.542
2017.19863	-7.302
2017.201369	-7.038
2017.204109	-7.598
2017.206849	-8.53
2017.209589	-9.234
2017.212328	-8.689
2017.215068	-8.489
2017.217808	-8.838
2017.220547	-8.957
2017.223287	-9.109
2017.226027	-8.507
2017.228767	-8.251
2017.231506	-8.259
2017.234246	-8.36
2017.236986	-8.245
2017.239726	-8.717
2017.242465	-8.735
2017.245205	-8.966
2017.247945	-9.007
2017.250684	-7.803
2017.253424	-8.573
2017.256164	-7.422
2017.258904	-7.813
2017.261643	-7.636
2017.264383	-8.623
2017.267123	-8.484
2017.269863	-8.124
2017.272602	-8.879
2017.275342	-8.527
2017.278082	-8.012
2017.280821	-8.759
2017.283561	-8.653
2017.286301	-8.136
2017.289041	-8.286
2017.29178	-7.61
2017.29452	-7.52
2017.29726	-7.819
2017.3	-8.877
2017.302739	-8.394
2017.305479	-8.888
2017.308219	-9.123
2017.310958	-9.509
2017.313698	-9.006
2017.316438	-9.508
2017.319178	-9.067
2017.321917	-8.018
2017.324657	-7.827
2017.327397	-8.738
2017.330137	-8.272
2017.332876	-7.317
2017.335616	-8.816
2017.338356	-8.264
2017.341095	-9.144
2017.343835	-8.859
2017.346575	-8.383
2017.349315	-8.138
2017.352054	-8.467
2017.354794	-9.019
2017.357534	-9.047
2017.360273	-8.243
2017.363013	-8.668
2017.365753	-9.164
2017.368493	-8.51
2017.371232	-8.744
2017.373972	-8.208
2017.376712	-9.201
2017.379452	-8.711
2017.382191	-8.146
2017.384931	-8.745
2017.387671	-9.855
2017.39041	-9.716
2017.39315	-8.751
2017.39589	-8.799
2017.39863	-8.474
2017.401369	-8.797
2017.404109	-8.464
2017.406849	-8.573
2017.409589	-9.491
2017.412328	-9.874
2017.415068	-9.4
2017.417808	-10.882
2017.420547	-10.561
2017.423287	-9.49
2017.426027	-9.624
2017.428767	-10.033
2017.431506	-10.206
2017.434246	-9.931
2017.436986	-10.098
2017.439726	-7.642
2017.442465	-9.221
2017.445205	-10.043
2017.447945	-9.707
2017.450684	-9.257
2017.453424	-9.628
2017.456164	-9.643
2017.458904	-7.968
2017.461643	-8.395
2017.464383	-11.209
2017.467123	-9.475
2017.469863	-9.651
2017.472602	-10.427
2017.475342	-9.606
2017.478082	-10.307
2017.480821	-10.018
2017.483561	-9.87
2017.486301	-9.568
2017.489041	-11.729
2017.49178	-10.66
2017.49452	-10.98
2017.49726	-10.063
2017.5	-9.74
2017.502739	-8.521
2017.505479	-10.098
2017.508219	-10.736
2017.510958	-8.75
2017.513698	-9.281
2017.516438	-8.707
2017.519178	-10.431
2017.521917	-10.098
2017.524657	-9.846
2017.527397	-9.43
2017.530137	-9.676
2017.532876	-9.8
2017.535616	-10.054
2017.538356	-10.537
2017.541095	-10.805
2017.543835	-10.351
2017.546575	-10.897
2017.549315	-10.608
2017.552054	-10.894
2017.554794	-10.475
2017.557534	-10.323
2017.560274	-11.035
2017.563013	-10.115
2017.565753	-10.713
2017.568493	-10.97
2017.571232	-10.915
2017.573972	-12.017
2017.576712	-10.742
2017.579452	-10.287
2017.582191	-9.594
2017.584931	-10.325
2017.587671	-9.723
2017.59041	-9.755
2017.59315	-9.35
2017.59589	-10.273
2017.59863	-10.786
2017.601369	-10.011
2017.604109	-10.873
2017.606849	-9.671
2017.609589	-10.793
2017.612328	-11.395
2017.615068	-11.08
2017.617808	-11.294
2017.620547	-10.888
2017.623287	-11.404
2017.626027	-11.555
2017.628767	-11.459
2017.631506	-12.699
2017.634246	-10.704
2017.636986	-10.902
2017.639726	-10.16
2017.642465	-10.853
2017.645205	-10.948
2017.647945	-11.821
2017.650684	-11.016
2017.653424	-11.533
2017.656164	-12.343
2017.658904	-12.211
2017.661643	-12.159
2017.664383	-12.133
2017.667123	-11.731
2017.669863	-11.7
2017.672602	-11.125
2017.675342	-12.318
2017.678082	-11.871
2017.680821	-11.463
2017.683561	-11.717
2017.686301	-12.399
2017.689041	-11.809
2017.69178	-12.071
2017.69452	-12.18
2017.69726	-12.084
2017.7	-12.396
2017.702739	-11.927
2017.705479	-11.953
2017.708219	-11.914
2017.710958	-12.182
2017.713698	-11.666
2017.716438	-11.755
2017.719178	-11.159
2017.721917	-11.069
2017.724657	-12.335
2017.727397	-11.738
2017.730137	-10.924
2017.732876	-10.731
2017.735616	-11.636
2017.738356	-11.846
2017.741095	-11.247
2017.743835	-11.37
2017.746575	-11.254
2017.749315	-12.168
2017.752054	-12.01
2017.754794	-12.207
2017.757534	-10.849
2017.760274	-12.897
2017.763013	-12.44
2017.765753	-12.369
2017.768493	-12.607
2017.771232	-11.779
2017.773972	-12.558
2017.776712	-12.479
2017.779452	-12.769
2017.782191	-13.036
2017.784931	-12.909
2017.787671	-13.231
2017.79041	-12.298
2017.79315	-12.658
2017.79589	-13.447
2017.79863	-13.229
2017.801369	-12.409
2017.804109	-12.992
2017.806849	-13.833
2017.809589	-12.873
2017.812328	-12.627
2017.815068	-12.59
2017.817808	-12.542
2017.820547	-12.46
2017.823287	-13.405
2017.826027	-13.125
2017.828767	-12.934
2017.831506	-12.692
2017.834246	-11.739
2017.836986	-13.205
2017.839726	-11.946
2017.842465	-12.619
2017.845205	-12.496
2017.847945	-12.584
2017.850684	-12.861
2017.853424	-11.653
2017.856164	-12.98
2017.858904	-12.193
2017.861643	-11.383
2017.864383	-12.179
2017.867123	-12.33
2017.869863	-11.93
2017.872602	-12.036
2017.875342	-11.991
2017.878082	-13.849
2017.880821	-12.479
2017.883561	-12.869
2017.886301	-12.888
2017.889041	-12.56
2017.89178	-12.83
2017.89452	-12.823
2017.89726	-12.627
2017.9	-12.611
2017.902739	-11.804
2017.905479	-11.217
2017.908219	-13.156
2017.910958	-12.82
2017.913698	-12.542
2017.916438	-12.191
2017.919178	-12.528
2017.921917	-13.136
2017.924657	-12.632
2017.927397	-12.558
2017.930137	-13.326
2017.932876	-13.498
2017.935616	-12.778
2017.938356	-12.637
2017.941095	-13.684
2017.943835	-13.62
2017.946575	-13.34
2017.949315	-13.486
2017.952054	-13.042
2017.954794	-13.392
2017.957534	-13.216
2017.960274	-13.039
2017.963013	-13.295
2017.965753	-12.527
2017.968493	-13.46
2017.971232	-11.933
2017.973972	-11.954
2017.976712	-13.03
2017.979452	-12.81
2017.982191	-12.455
2017.984931	-12.125
2017.987671	-12.566
2017.99041	-13.035
2017.99315	-12.949
2017.99589	-13.344
2017.99863	-12.724
2018.001369	-13.372
2018.004109	-13.473
2018.006849	-13.495
2018.009589	-13.234
2018.012328	-13.158
2018.015068	-12.552
2018.017808	-12.623
2018.020547	-12.504
2018.023287	-12.783
2018.026027	-12.994
2018.028767	-13.818
2018.031506	-12.913
2018.034246	-13.16
2018.036986	-13.391
2018.039726	-13.218
2018.042465	-13.59
2018.045205	-13.541
2018.047945	-13.959
2018.050684	-13.155
2018.053424	-12.578
2018.056164	-12.899
2018.058904	-13.312
2018.061643	-13.693
2018.064383	-13.797
2018.067123	-13.267
2018.069863	-12.793
2018.072602	-12.902
2018.075342	-12.82
2018.078082	-13.005
2018.080821	-13.396
2018.083561	-13.08
2018.086301	-13.916
2018.089041	-13.866
2018.09178	-13.992
2018.09452	-14.671
2018.09726	-14.173
2018.1	-13.377
2018.102739	-13.877
2018.105479	-13.751
2018.108219	-13.417
2018.110958	-14.105
2018.113698	-14.676
2018.116438	-14.209
2018.119178	-13.416
2018.121917	-13.817
2018.124657	-12.636
2018.127397	-13.367
2018.130137	-12.756
2018.132876	-13.665
2018.135616	-13.413
2018.138356	-13.703
2018.141095	-13.152
2018.146575	-12.612
2018.149315	-13.277
2018.152054	-13.581
2018.154794	-14.09
2018.157534	-13.815
2018.160273	-13.208
2018.163013	-12.94
2018.165753	-13.346
2018.168493	-13.731
2018.171232	-14.004
2018.173972	-14.464
2018.176712	-14.552
2018.179452	-15.377
2018.182191	-14.444
2018.184931	-13.866
2018.187671	-14.439
2018.19041	-14.555
2018.19315	-14.048
2018.19589	-13.924
2018.19863	-14.158
2018.201369	-14.705
2018.204109	-14.304
2018.206849	-14.832
2018.209589	-14.589
2018.212328	-14.627
2018.215068	-14.323
2018.217808	-14.12
2018.220547	-13.647
2018.223287	-14.812
2018.226027	-14.359
2018.228767	-14.021
2018.231506	-14.161
2018.234246	-13.408
2018.236986	-14.319
2018.239726	-14.722
2018.242465	-14.072
2018.245205	-14.032
2018.247945	-13.098
2018.250684	-14.618
2018.253424	-14.944
2018.256164	-15.266
2018.258904	-14.655
2018.261643	-14.761
2018.264383	-14.465
2018.267123	-14.475
2018.269863	-13.834
2018.272602	-14.632
2018.275342	-13.878
2018.278082	-14.643
2018.280821	-14.914
2018.283561	-14.297
2018.286301	-13.842
2018.289041	-13.846
2018.29178	-13.845
2018.29452	-13.376
2018.29726	-13.848
2018.3	-14.102
2018.302739	-15.324
2018.305479	-15.096
2018.310958	-14.985
2018.313698	-15.19
2018.316438	-15.222
2018.319178	-15.008
2018.321917	-14.664
2018.324657	-14.701
2018.327397	-15.276
2018.330137	-15.563
2018.332876	-14.933
2018.335616	-15.081
2018.338356	-14.346
2018.341095	-14.625
2018.343835	-13.878
2018.346575	-14.98
2018.349315	-15.426
2018.352054	-15.961
2018.354794	-15.542
2018.357534	-14.997
2018.360273	-15.265
2018.363013	-15.073
2018.365753	-14.684
2018.368493	-14.749
2018.371232	-13.905
2018.373972	-15.823
2018.376712	-14.875
2018.379452	-14.393
2018.382191	-15.601
2018.384931	-15.54
2018.387671	-16.4
2018.39041	-14.433
2018.39315	-15.164
2018.401369	-15.581
2018.404109	-15.073
2018.406849	-16.658
2018.409589	-15.798
2018.412328	-15.846
2018.415068	-15.574
2018.417808	-16.056
2018.420547	-16.828
2018.423287	-16.447
2018.426027	-16.246
2018.428767	-16.162
2018.431506	-16.605
2018.434246	-15.836
2018.436986	-16.201
2018.439726	-16.187
2018.442465	-15.598
2018.445205	-15.496
2018.447945	-16.35
2018.450684	-16.468
2018.453424	-15.724
2018.456164	-15.8
2018.458904	-15.943
2018.461643	-15.823
2018.464383	-16.178
2018.467123	-15.378
2018.469863	-16.595
2018.472602	-15.654
2018.475342	-15.832
2018.478082	-15.226
2018.480821	-16.35
2018.483561	-16.431
2018.486301	-16.009
2018.489041	-16.03
2018.49178	-17.014
2018.49452	-16.59
2018.49726	-16.796
2018.5	-15.748
2018.502739	-15.763
2018.505479	-15.882
2018.508219	-16.433
2018.510958	-15.679
2018.513698	-16.487
2018.516438	-17.063
2018.519178	-16.942
2018.521917	-16.682
2018.524657	-16.36
2018.527397	-17.592
2018.530137	-16.033
2018.532876	-16.678
2018.535616	-16.756
2018.538356	-17.355
2018.541095	-16.219
2018.543835	-17.4
2018.546575	-16.993
2018.549315	-16.75
2018.552054	-18.042
2018.554794	-17.952
2018.557534	-17.224
2018.560274	-17.914
2018.563013	-16.354
2018.565753	-16.59
2018.568493	-18.002
2018.571232	-18.451
2018.573972	-17.672
2018.576712	-17.422
2018.579452	-17.897
2018.582191	-17.11
2018.584931	-18.004
2018.587671	-17.11
2018.59041	-17.012
2018.59315	-17.417
2018.59589	-16.315
2018.59863	-17.195
2018.601369	-18.093
2018.604109	-17.994
2018.606849	-17.731
2018.609589	-17.94
2018.612328	-17.319
2018.615068	-15.9
2018.617808	-18.317
2018.620547	-18.57
2018.623287	-18.284
2018.626027	-16.621
2018.628767	-16.543
2018.631506	-18.721
2018.634246	-18.731
2018.636986	-17.14
2018.639726	-17.72
2018.642465	-17.54
2018.645205	-16.946
2018.647945	-17.105
2018.650684	-16.976
2018.653424	-18.076
2018.656164	-18.811
2018.658904	-17.557
2018.661643	-17.801
2018.664383	-18.225
2018.667123	-16.718
2018.669863	-18.335
2018.672602	-17.421
2018.675342	-17.927
2018.678082	-17.904
2018.680821	-18.171
2018.683561	-19.479
2018.686301	-18.12
2018.689041	-19.506
2018.69178	-18.063
2018.69452	-18.159
2018.69726	-17.648
2018.7	-18.236
2018.702739	-18.453
2018.705479	-18.676
2018.708219	-18.156
2018.710958	-18.918
2018.713698	-18.745
2018.716438	-19.407
2018.719178	-18.923
2018.721917	-19.165
2018.724657	-18.94
2018.727397	-18.609
2018.730137	-18.647
2018.732876	-18.335
2018.735616	-19.348
2018.738356	-19.102
2018.741095	-17.926
2018.743835	-18.062
2018.746575	-18.135
2018.749315	-18.014
2018.752054	-18.137
2018.754794	-18.611
2018.757534	-18.487
2018.760274	-18.011
2018.763013	-18.745
2018.765753	-18.178
2018.768493	-19.156
2018.771232	-19.511
2018.773972	-18.674
2018.776712	-18.262
2018.782191	-18.152
2018.784931	-18.663
2018.787671	-18.952
2018.79041	-19.434
2018.79315	-16.325
2018.79589	-19.133
2018.79863	-19.457
2018.801369	-18.878
2018.804109	-18.713
2018.806849	-18.775
2018.809589	-18.37
2018.812328	-18.483
2018.815068	-19.085
2018.817808	-19.088
2018.820547	-18.448
2018.823287	-18.427
2018.836986	-18.827
2018.839726	-18.583
2018.842465	-19.314
2018.845205	-19.159
2018.847945	-19.391
2018.850684	-18.696
2018.853424	-19.161
2018.856164	-18.307
2018.858904	-18.685
2018.861643	-18.168
2018.864383	-18.279
2018.867123	-18.207
2018.869863	-18.215
2018.872602	-18.742
2018.875342	-18.429
2018.878082	-18.485
2018.89178	-18.67
2018.89452	-18.861
2018.89726	-18.171
2018.9	-18.499
2018.902739	-18.852
2018.905479	-18.136
2018.908219	-18.952
2018.910958	-18.295
2018.913698	-18.875
2018.916438	-18.655
2018.919178	-19.074
2018.921917	-19.214
2018.924657	-19.026
2018.927397	-18.982
2018.930137	-19.147
2018.932876	-19.612
2018.935616	-19.282
2018.938356	-19.458
2018.946575	-19.188
2018.949315	-19.75
2018.952054	-19.498
2018.954794	-19.01
2018.957534	-18.386
2018.960274	-18.357
2018.963013	-18.755
2018.965753	-18.196
2018.968493	-18.812
2018.971232	-18.348
2018.973972	-18.761
2018.976712	-19.442
2018.979452	-18.986
2018.982191	-19.318
2018.984931	-19.841
2018.987671	-20.237
2019.001369	-20.106
2019.004109	-19.993
2019.006849	-19.89
2019.009589	-19.063
2019.012328	-19.186
2019.015068	-19.474
2019.017808	-19.428
2019.020547	-19.474
2019.023287	-18.374
2019.026027	-18.726
2019.028767	-19.694
2019.031506	-19.468
2019.034246	-21.125
2019.036986	-20.303
2019.039726	-19.913
2019.042465	-19.645
2019.045205	-19.648
2019.047945	-18.25
2019.050684	-19.098
2019.053424	-18.77
2019.056164	-18.466
2019.058904	-18.83
2019.061643	-19.788
2019.064383	-19.894
2019.067123	-20.108
2019.069863	-19.276
2019.072602	-19.855
2019.075342	-19.393
2019.078082	-19.332
2019.080821	-19.671
2019.083561	-19.715
2019.086301	-18.828
2019.089041	-19.339
2019.09178	-19.339
2019.09452	-18.256
2019.09726	-18.8
2019.1	-18.956
2019.102739	-20.329
2019.105479	-20.277
2019.108219	-20.079
2019.110958	-20.162
2019.113698	-19.793
2019.116438	-20.011
2019.119178	-19.067
2019.121917	-19.373
2019.124657	-19.373
2019.127397	-19.579
2019.130137	-19.445
2019.132876	-19.163
2019.135616	-20.016
2019.138356	-20.26
2019.141095	-19.891
2019.143835	-19.393
2019.146575	-19.027
2019.149315	-18.555
2019.152054	-19.293
2019.154794	-19.433
2019.157534	-19.624
2019.160273	-19.827
2019.163013	-19.984
2019.165753	-19.984
2019.168493	-19.768
2019.171232	-20.086
2019.173972	-20.294
2019.176712	-20.057
2019.179452	-20.099
2019.182191	-20.001
2019.184931	-20.362
2019.187671	-20.535
2019.19041	-20.166
2019.19315	-20.196
2019.19589	-20.447
2019.19863	-20.94
2019.201369	-20.57
2019.204109	-20.195
2019.206849	-19.701
2019.209589	-19.32
2019.212328	-19.104
2019.215068	-20.427
2019.217808	-20.412
2019.220547	-20.285
2019.223287	-20.713
2019.226027	-19.283
2019.228767	-20.285
2019.231506	-20.181
2019.234246	-20.539
2019.236986	-19.986
2019.239726	-20.225
2019.242465	-21.552
2019.245205	-20.049
2019.247945	-20.075
2019.250684	-20.709
2019.253424	-20.123
2019.256164	-20.373
2019.258904	-20.233
2019.261643	-19.972
2019.264383	-20.587
2019.267123	-20.536
2019.269863	-20.748
2019.272602	-20.306
2019.275342	-20.199
2019.278082	-20.258
2019.280821	-20.365
2019.283561	-20.377
2019.286301	-20.226
2019.289041	-19.934
2019.29178	-20.008
2019.29452	-19.552
2019.29726	-19.466
2019.3	-20.367
2019.302739	-20.241
2019.305479	-20.938
2019.308219	-19.868
2019.310958	-19.363
2019.313698	-21.236
2019.316438	-20.78
2019.319178	-20.879
2019.321917	-19.85
2019.324657	-19.946
2019.327397	-19.825
2019.330137	-19.891
2019.332876	-19.959
2019.335616	-20.603
2019.338356	-20.036
2019.341095	-20.893
2019.343835	-20.258
2019.346575	-19.732
2019.349315	-18.978
2019.352054	-19.115
2019.354794	-19.521
2019.357534	-19.332
2019.360273	-20.21
2019.363013	-19.745
2019.365753	-19.365
2019.368493	-19.753
2019.371232	-19.646
2019.373972	-20.744
2019.376712	-20.107
2019.379452	-20.531
2019.382191	-20.463
2019.384931	-20.967
2019.387671	-21.038
2019.39041	-19.721
2019.39315	-20.735
2019.39589	-21.197
2019.39863	-21.837
2019.401369	-21.504
2019.404109	-20.423
2019.406849	-20.176
2019.409589	-21.663
2019.412328	-20.5
2019.415068	-21.084
2019.417808	-20.458
2019.420547	-20.278
2019.423287	-21.552
2019.426027	-21.482
2019.428767	-22.214
2019.431506	-21.481
2019.434246	-21.456
2019.436986	-20.805
2019.439726	-21.161
2019.442465	-21.452
2019.445205	-22.036
2019.447945	-22.053
2019.450684	-22.149
2019.453424	-22.405
2019.456164	-21.62
2019.458904	-21.834
2019.461643	-22.326
2019.464383	-21.39
2019.467123	-22.534
2019.469863	-21.967
2019.472602	-21.94
2019.475342	-21.179
2019.478082	-21.803
2019.480821	-22.048
2019.483561	-21.937
2019.486301	-21.334
2019.489041	-22.144
2019.49178	-21.68
2019.49452	-22.483
